Dehiwala,6.83667,79.8439262,109839943.34,28.0,
Panadura,6.7291202,79.8944164,50534312.42,12.0,
Nugegoda,6.8656182,79.8706401,30837303.75,9.0,
Boralasgamuwa,6.8365293,79.8897056,32881664.51,9.0,
Battaramulla,6.9001015,79.9029844,107556545.54,30.0,
Maharagam,6.8502516,79.9073489,79324049.21,22.0,
Kottawa,6.869953,79.9797876,51370635.27,17.0,
Homagama,6.8451342,79.9887083,30820660.27,9.0,
Malabe,6.9043629,79.9479226,34619046.57,9.0,
Angoda,6.9333996,79.9161694,43510655.99,7.0,
Piliyandala,6.7896893,79.90112898,54879871.97,7.0,
Kaduwela,6.9299975,79.9733482,6624608.59,2.0,
Mardana,6.926745,79.8605224,261063935.94,72.0,
Wellawatta,6.8738385,79.8611775,31208418.96,9.0,
Kelaniya,6.9559081,79.9169459,22525756.47,10.0,
