Dehiwala,6.83667,79.8439262,109839943.34,28,
Panadura,6.7291202,79.8944164,50534312.42,12,
Nugegoda,6.8656182,79.8706401,30837303.75,9,
Boralasgamuwa,6.8365293,79.8897056,32881664.51,9,
Battaramulla,6.9001015,79.9029844,107556545.54,30,
Maharagam,6.8502516,79.9073489,79324049.21,22,
Kottawa,6.869953,79.9797876,51370635.27,17,
Homagama,6.8451342,79.9887083,30820660.27,9,
Malabe,6.9043629,79.9479226,34619046.57,9,
Angoda,6.9333996,79.9161694,43510655.99,7,
Piliyandala,6.7896893,79.90112898,54879871.97,7,
Kaduwela,6.9299975,79.9733482,6624608.59,2,
Mardana,6.926745,79.8605224,261063935.94,72,
Wattala,6.989402,79.885278,168494022.45,41,
Wellawatta,6.8738385,79.8611775,31208418.96,9,
Gampaha,7.083605,80.006455,53352830.66,15,
Kelaniya,6.9559081,79.9169459,22525756.47,10,
Kadawatha,7.0097642,79.942525,61080181.62,15,
JaEla,7.0742115,79.8937204,17784276.89,5,
Negambo,7.1963407,79.829926,142750892.67,35,
Yakkala,7.0877703,80.0232392,28513346.82,8,
Mirigama,7.253295,80.1096746,47583630.89,12,
Weliweriya,7.0846322,80.019072,7770027.06,2,
Ragama,7.0306524,79.9232021,6554858.77,2,
Kochchikade,7.2628576,79.8634837,13327673.99,4,
